1451483240
1451483384
1451483386
1451483387
1451483768
1451483818
1451484332
1451498138
1451498142
1451499063
1451499093
1451500436
1452003987
1452007420
1452007422
1452007423
1452608213
1452608224
1452608257
1452608271
1452608311
1452608509
1453216888
1453216937
1460477285
1460477294
1460477303
1461423109
1461423125
1461423213
1461425245
1461427149
1461428057
1461428454
1461428510
1461428557
1461428879
1461428939
1461429055
1461429111
1461429116
1461429125
1461429234
1461429333
1461429363
1461429663
1461429963
1461430263
1461516704
1461517004
1461517304
1461517604
1461517904
1461518204
1461518458
1461518580
1461518592
1461518741
1461518749
1461518771
1461518800
1461519767
1461520067
1461520367
1461520667
1461520967
1461521267
1461521567
1461521867
1461522167
1461522467
1461522767
1461523067
1461523367
1461523667
1461523967
1461524267
1461524567
1461524867
1461525167
1461525467
1461525767
1461526067
1461526367
1461526667
1461526967
1461527267
1461527567
1461527867
1461528167
1461528467
1461528767
1461590922
1461591103
1461591347
1461591361
1461591438
1461591738
1461592038
1461592338
1461592638
1461592938
1461593238
1461593538
1461593838
1461594138
1461594438
1461594738
1461595038
1461595338
1461595638
1461595938
1461596238
1461596538
1461596838
1461597138
1461597438
1461597738
1461598038
1461598338
1461598638
1461598938
1461599238
1461599538
1461599838
1461600138
1461600438
1461600566
1461600581
1461600938
1461601139
1461601332
1461601403
1461601664
1461601754
1461601805
1461602105
1461602251
1461602363
1461602663
1461602769
1461602915
1461603014
1461603403
1461603436
1461603736
1461604036
1461604336
1461604636
1461604936
1461605236
1461605536
1461605836
1461606136
1461606436
1461606736
1461607001
1461607177
1461607477
1461607777
1461608077
1461608377
1461608677
1461608977
1461609277
1461609577
1461609877
1461610177
1461610477
1461610777
1461611077
1461611377
1461611677
1461611977
1461612277
1461612577
1461612877
1461613177
1461613477
1461613777
1461614077
