1451483240
1451483384
1451483386
1451483387
1451483768
1451483818
1451484332
1451498138
1451498142
1451499063
1451499093
1451500436
1452003987
1452007420
1452007422
1452007423
1452608213
1452608224
1452608257
1452608271
1452608311
1452608509
1453216888
1453216937
1460477285
1460477294
1460477303
1461423109
1461423125
1461423213
1461425245
1461427149
1461428057
1461428454
1461428510
1461428557
1461428879
1461428939
1461429055
1461429111
1461429116
1461429125
1461429234
1461429333
1461429363
1461429663
1461429963
1461430263
1461516704
1461517004
1461517304
1461517604
1461517904
1461518204
1461518458
1461518580
1461518592
1461518741
1461518749
1461518771
1461518800
1461519767
1461520067
1461520367
1461520667
1461520967
1461521267
1461521567
1461521867
1461522167
1461522467
1461522767
1461523067
1461523367
1461523667
1461523967
1461524267
1461524567
1461524867
1461525167
1461525467
1461525767
1461526067
1461526367
1461526667
1461526967
1461527267
1461527567
1461527867
1461528167
1461528467
1461528767
