1451498138
1451498142
1451499063
1451499093
1451500436
1452003987
1452004047
1452004107
1452004167
1452004227
1452007420
1452007422
1452007423
1452608213
1452608224
1452608257
1452608271
1452608311
1452608509
1453216888
1453216937
1460477285
1460477294
1460477303
1461423109
1461423125
1461423185
1461423213
1461425245
1461427149
1461428057
1461428454
1461428510
1461428557
1461428879
1461428939
1461428999
1461429055
1461429111
1461429116
1461429125
1461429234
1461429294
1461429333
1461429363
1461429423
1461429483
1461429543
1461429603
1461429663
1461429723
1461429783
1461429843
1461429903
1461429963
1461430023
1461430083
1461430143
1461430203
1461430263
1461430323
1461430383
